name: pyside6
channels:
  - conda-forge
dependencies:
  - bzip2=1.0.8=hcfcfb64_5
  - ca-certificates=2024.2.2=h56e8100_0
  - cairo=1.18.0=h1fef639_0
  - double-conversion=3.3.0=h63175ca_0
  - expat=2.6.2=h63175ca_0
  - font-ttf-dejavu-sans-mono=2.37=hab24e00_0
  - font-ttf-inconsolata=3.000=h77eed37_0
  - font-ttf-source-code-pro=2.038=h77eed37_0
  - font-ttf-ubuntu=0.83=h77eed37_1
  - fontconfig=2.14.2=hbde0cde_0
  - fonts-conda-ecosystem=1=0
  - fonts-conda-forge=1=0
  - freetype=2.12.1=hdaf720e_2
  - graphite2=1.3.13=1000
  - harfbuzz=8.3.0=h7ab893a_0
  - icu=73.2=h63175ca_0
  - krb5=1.21.2=heb0366b_0
  - lerc=4.0.0=h63175ca_0
  - libclang=17.0.6=default_hde6756a_3
  - libclang13=17.0.6=default_h85b4d89_3
  - libdeflate=1.19=hcfcfb64_0
  - libexpat=2.6.2=h63175ca_0
  - libffi=3.4.2=h8ffe710_5
  - libglib=2.80.0=h39d0aa6_0
  - libiconv=1.17=hcfcfb64_2
  - libjpeg-turbo=3.0.0=hcfcfb64_1
  - libpng=1.6.43=h19919ed_0
  - libsqlite=3.45.2=hcfcfb64_0
  - libtiff=4.6.0=h6e2ebb7_2
  - libwebp-base=1.3.2=hcfcfb64_0
  - libxml2=2.12.6=hc3477c8_0
  - libxslt=1.1.39=h3df6e99_0
  - libzlib=1.2.13=hcfcfb64_5
  - openssl=3.2.1=hcfcfb64_1
  - pcre2=10.43=h17e33f8_0
  - pip=24.0=pyhd8ed1ab_0
  - pixman=0.43.4=h63175ca_0
  - pyside6=6.6.2=py311h9e88329_1
  - python=3.11.8=h2628c8c_0_cpython
  - python_abi=3.11=4_cp311
  - qt6-main=6.6.2=h5dee92f_4
  - setuptools=69.2.0=pyhd8ed1ab_0
  - tk=8.6.13=h5226925_1
  - tzdata=2024a=h0c530f3_0
  - ucrt=10.0.22621.0=h57928b3_0
  - vc=14.3=hcf57466_18
  - vc14_runtime=14.38.33130=h82b7239_18
  - vs2015_runtime=14.38.33130=hcb4865c_18
  - wheel=0.42.0=pyhd8ed1ab_0
  - xz=5.2.6=h8d14728_0
  - zlib=1.2.13=hcfcfb64_5
  - zstd=1.5.5=h12be248_0
  - pip:
      - darkdetect==0.8.0
      - pyside6-fluent-widgets==1.5.3
      - pysidesix-frameless-window==0.3.10
      - pywin32==306
prefix: path\to\envs\pyside6
